image: track.png
resolution: 0.042500
origin: [-42.21853769831466,-26.37590462453829, 0.000000]
negate: 0
occupied_thresh: 0.45
free_thresh: 0.196
